1.152800000000000000e+04 3.880040234375000000e+04 3.491051953125000000e+04 4.991633789062500000e+03
1.268200000000000000e+04 9.446447265625000000e+03 3.842846875000000000e+04 4.012364843750000000e+04
1.434000000000000000e+04 1.912596191406250000e+03 4.602043359375000000e+04 4.011598828125000000e+04
1.490800000000000000e+04 2.756172265625000000e+04 3.528996093750000000e+04 7.567002929687500000e+03
1.503000000000000000e+04 5.920822656250000000e+04 2.735002500000000000e+05 2.570287031250000000e+05
1.509300000000000000e+04 1.436627343750000000e+05 1.492922187500000000e+05 2.445774375000000000e+05
1.546000000000000000e+04 4.028542187500000000e+05 7.266134375000000000e+05 6.591135625000000000e+05
1.551800000000000000e+04 1.447336816406250000e+04 3.930581250000000000e+04 3.380984375000000000e+04
1.556600000000000000e+04 2.565976171875000000e+04 5.884705468750000000e+04 6.943872656250000000e+04
1.562300000000000000e+04 1.647593750000000000e+06 2.564053500000000000e+06 2.294189750000000000e+06
1.567900000000000000e+04 1.407726718750000000e+05 2.084792812500000000e+05 1.861103750000000000e+05
1.572300000000000000e+04 3.968948828125000000e+04 5.388616796875000000e+04 3.206292382812500000e+04
1.575300000000000000e+04 4.661579296875000000e+04 5.113951953125000000e+04 3.607785546875000000e+04
1.584800000000000000e+04 2.221508007812500000e+04 7.269781250000000000e+03 4.056447656250000000e+04
1.622400000000000000e+04 3.518876000000000000e+06 3.984687812500000000e+05 6.329760000000000000e+05
1.632500000000000000e+04 1.721545781250000000e+05 3.781219140625000000e+04 2.702137890625000000e+04
1.636500000000000000e+04 6.693682812500000000e+04 1.677826367187500000e+04 1.075458886718750000e+04
1.653200000000000000e+04 6.169230468750000000e+04 3.132940625000000000e+04 6.620625488281250000e+03
1.656800000000000000e+04 2.837429101562500000e+04 4.073447656250000000e+04 1.379319628906250000e+04
1.668500000000000000e+04 3.606425390625000000e+04 2.094174414062500000e+04 1.004842871093750000e+04
1.672900000000000000e+04 4.599238769531250000e+03 6.956275000000000000e+04 2.880252929687500000e+04
1.690600000000000000e+04 1.105811816406250000e+04 2.096614062500000000e+04 4.242740625000000000e+04
1.745800000000000000e+04 3.157983789062500000e+04 2.690499414062500000e+04 4.971561718750000000e+04
1.753200000000000000e+04 2.171132421875000000e+04 1.333599609375000000e+04 1.660930468750000000e+05
1.760500000000000000e+04 2.705655078125000000e+04 3.328563281250000000e+04 4.360660937500000000e+04
1.765900000000000000e+04 4.907408691406250000e+03 4.683229003906250000e+03 2.030045625000000000e+05
1.779100000000000000e+04 7.356767578125000000e+03 9.756456250000000000e+04 3.268286250000000000e+06
1.785100000000000000e+04 2.307475000000000000e+04 2.302210250000000000e+06 5.433086875000000000e+05
1.789100000000000000e+04 1.700528906250000000e+04 2.031825625000000000e+05 1.409794687500000000e+05
1.796700000000000000e+04 5.555034667968750000e+03 6.806359375000000000e+04 1.278945546875000000e+05
1.803300000000000000e+04 4.013366796875000000e+04 1.366661562500000000e+05 3.751767578125000000e+04
1.805800000000000000e+04 1.009227734375000000e+05 8.006434375000000000e+04 6.683335937500000000e+04
1.810900000000000000e+04 2.847555468750000000e+04 1.065422812500000000e+05 2.303893359375000000e+04
1.815800000000000000e+04 2.303364257812500000e+04 3.247496289062500000e+04 4.332144531250000000e+04
1.819500000000000000e+04 3.542227343750000000e+04 3.343192578125000000e+04 3.408115625000000000e+04
1.824800000000000000e+04 6.241391796875000000e+04 9.423970312500000000e+04 9.445063281250000000e+04
1.827100000000000000e+04 4.292819140625000000e+04 7.868809375000000000e+04 7.736624218750000000e+04
1.829400000000000000e+04 4.782160156250000000e+04 8.876579687500000000e+04 6.040357421875000000e+04
1.833600000000000000e+04 5.821135156250000000e+04 9.167370312500000000e+04 6.857150781250000000e+04
1.837900000000000000e+04 1.893985742187500000e+04 8.714616406250000000e+04 6.318236718750000000e+04
1.840500000000000000e+04 5.109873828125000000e+04 8.037613281250000000e+04 6.325267968750000000e+04
1.844700000000000000e+04 1.091278828125000000e+05 9.976688281250000000e+04 9.861588281250000000e+04
1.846300000000000000e+04 7.753300781250000000e+04 1.225246328125000000e+05 1.192627109375000000e+05
1.849800000000000000e+04 4.654487109375000000e+04 6.511364843750000000e+04 1.167857968750000000e+05
1.855300000000000000e+04 5.222540234375000000e+04 9.456049218750000000e+04 9.121397656250000000e+04
1.857800000000000000e+04 5.533732421875000000e+04 6.055909765625000000e+04 6.045648046875000000e+04
1.859400000000000000e+04 7.863082031250000000e+04 5.447057421875000000e+04 4.765654296875000000e+04
1.862100000000000000e+04 6.081236718750000000e+04 6.873129687500000000e+04 5.943902734375000000e+04
1.865000000000000000e+04 5.387383984375000000e+04 4.590780078125000000e+04 4.823594921875000000e+04
1.869400000000000000e+04 7.062299218750000000e+04 4.649076562500000000e+04 5.656383203125000000e+04
1.872000000000000000e+04 7.339100781250000000e+04 6.514585156250000000e+04 6.117021875000000000e+04
1.874900000000000000e+04 2.012576875000000000e+05 2.982683125000000000e+05 2.473300937500000000e+05
1.879000000000000000e+04 1.047916796875000000e+05 1.348651406250000000e+05 8.694051562500000000e+04
1.881700000000000000e+04 1.300252265625000000e+05 1.239109218750000000e+05 1.088429609375000000e+05
1.886800000000000000e+04 1.003702187500000000e+05 8.332885156250000000e+04 7.897142968750000000e+04
1.889600000000000000e+04 1.067513750000000000e+05 9.785025781250000000e+04 8.897055468750000000e+04
1.892600000000000000e+04 5.262064843750000000e+04 9.766617968750000000e+04 7.808935156250000000e+04
1.894700000000000000e+04 7.397168750000000000e+04 7.946199218750000000e+04 8.434694531250000000e+04
1.899400000000000000e+04 1.105803281250000000e+05 8.060850781250000000e+04 8.176817968750000000e+04
1.902400000000000000e+04 8.430800000000000000e+04 8.651314843750000000e+04 1.133999921875000000e+05
1.906300000000000000e+04 6.010768750000000000e+04 8.792285156250000000e+04 7.448417187500000000e+04
1.909500000000000000e+04 1.132982812500000000e+05 1.916510937500000000e+05 2.032418437500000000e+05
1.913000000000000000e+04 7.416671093750000000e+04 1.126086718750000000e+05 1.104060156250000000e+05
1.917200000000000000e+04 1.150058906250000000e+05 1.220693437500000000e+05 1.067199062500000000e+05
1.919900000000000000e+04 7.261498437500000000e+04 8.417532812500000000e+04 7.674368750000000000e+04
1.924900000000000000e+04 7.495583593750000000e+04 8.822655468750000000e+04 9.323766406250000000e+04
1.929800000000000000e+04 5.504424218750000000e+04 8.046557812500000000e+04 7.967534375000000000e+04
1.932700000000000000e+04 8.047044531250000000e+04 7.034042968750000000e+04 6.065250390625000000e+04
1.935300000000000000e+04 7.237138281250000000e+04 9.115293750000000000e+04 8.370832812500000000e+04
1.937800000000000000e+04 4.982100781250000000e+04 7.032852343750000000e+04 7.264410937500000000e+04
1.940700000000000000e+04 5.101841406250000000e+04 7.145295312500000000e+04 1.080437968750000000e+05
1.946900000000000000e+04 1.535223906250000000e+05 1.007752265625000000e+05 6.249139062500000000e+04
1.949600000000000000e+04 7.569537500000000000e+04 5.793971093750000000e+04 4.353754296875000000e+04
1.953200000000000000e+04 6.839114843750000000e+04 1.095973437500000000e+05 8.856269531250000000e+04
1.958400000000000000e+04 4.631069921875000000e+04 8.215221875000000000e+04 5.217555078125000000e+04
1.960100000000000000e+04 4.643805078125000000e+04 6.815764843750000000e+04 5.426034375000000000e+04
1.963500000000000000e+04 4.192244921875000000e+04 9.809325000000000000e+04 7.156000781250000000e+04
1.967400000000000000e+04 8.788982812500000000e+04 1.006986484375000000e+05 6.450345703125000000e+04
1.973300000000000000e+04 4.474301562500000000e+04 5.654312890625000000e+04 6.158474609375000000e+04
1.976700000000000000e+04 4.671141796875000000e+04 4.141722265625000000e+04 5.747319140625000000e+04
1.983200000000000000e+04 7.330291406250000000e+04 6.636671875000000000e+04 6.572472656250000000e+04
1.985500000000000000e+04 4.735635546875000000e+04 6.196722656250000000e+04 6.909685156250000000e+04
1.988500000000000000e+04 7.626047656250000000e+04 9.036085937500000000e+04 1.095758359375000000e+05
